4.050795342980981317e+00 8.582192684362134338e-01
4.191512147872083816e+00 8.768474118788736060e-01
8.132208955483079649e+00 6.867131540983261173e-01
9.197051732491864584e+00 1.262693460856122218e+00
1.078223602060176134e+01 6.162088354791996903e-01
1.385003094808992330e+01 9.381719004147380803e-01
1.489924031900305224e+01 7.644184209303065414e-01
1.632029880979107261e+01 1.123075326180624556e+00
2.292268226577332868e+01 8.579224730985610670e-01
2.825872779230575560e+01 7.017418657144204319e-01
3.326969256603211278e+01 9.915809716953953856e-01
3.761152820651792439e+01 1.137120922275965729e+00
3.802551093784833114e+01 1.020155602074569456e+00
3.996898960433910730e+01 1.094985990718167157e+00
4.304420108906657561e+01 8.267138710008753444e-01
4.392999773488211446e+01 8.968897359907724853e-01
4.524764744923513859e+01 8.173089250687473051e-01
4.530234030937521794e+01 8.977479328556030591e-01
4.540224907603855797e+01 7.835316012080050241e-01
4.713080772333003665e+01 5.957794202338918543e-01
4.765571718191378636e+01 1.054669916562491316e+00
5.360205969238206336e+01 8.864466986671346582e-01
5.429614959566109178e+01 6.132028378315749206e-01
5.587099352519434348e+01 1.148934138669666094e+00
5.815238926775233352e+01 7.617098962903785520e-01
5.819074396356187862e+01 1.015705676535161306e+00
5.836438188616114786e+01 1.244491694020354533e+00
6.157219254305692147e+01 1.039453270235666915e+00
6.249142868815851415e+01 1.407507212514758743e+00
6.296799869216356171e+01 6.904251262581592163e-01
6.303709646197389560e+01 1.128289187768412694e+00
6.523222060076109585e+01 8.142864853598614783e-01
6.582057013706562998e+01 7.700967329981215359e-01
6.787652147139826297e+01 8.405869346404356568e-01
6.825783015738871029e+01 9.107692019592918964e-01
6.935929946169311222e+01 1.016992357886456144e+00
7.091667279883559161e+01 7.050088294293668234e-01
7.846201840927034254e+01 1.310289291561783198e+00
7.884843996856027104e+01 1.149927310272975678e+00
7.908212386421585904e+01 6.307327085902172392e-01
8.018491625114246801e+01 1.562794645762449974e+00
8.091711857534727415e+01 1.766087685184794198e+00
8.421305478647190057e+01 1.424233638266581448e+00
8.789619660231169007e+01 9.474534706320614230e-01
9.003964057703485935e+01 7.252594787367322438e-01
9.337126887182711243e+01 1.372090539587453639e+00
9.515918573369047806e+01 8.860755296557906169e-01
9.524988832938402084e+01 1.443013335290698640e+00
9.712078190935139332e+01 1.064475823426832557e+00
9.859390670992725347e+01 1.340431679473869542e+00
